16
37 226 -227 168 30 232 -47 185 68 -192 213 130 118 250 -74 38 
-6 136 -205 -17 43 111 16 -109 -77 240 63 48 -138 159 229 -63 
110 203 135 -55 -222 -251 -152 135 212 180 -141 -225 37 95 36 226 
87 -242 99 235 243 -206 -240 178 -14 -60 29 191 -197 -199 84 201 
-90 -83 -92 239 147 -185 72 -77 52 112 42 -79 -40 50 -147 197 
-254 -19 -118 92 89 -32 -55 57 117 225 -9 61 -242 249 -159 235 
209 126 43 -136 71 9 -172 102 128 177 2 -200 -163 -163 -250 -139 
250 -58 -95 112 -155 -105 -59 -72 -111 -178 52 136 243 236 137 -102 
-151 19 -181 2 125 -184 -59 41 11 60 -184 -61 -173 69 245 57 
201 -123 -9 71 -60 -130 190 63 -82 -232 179 -233 72 99 237 143 
-64 -186 3 -107 186 -36 189 -126 1 -98 -25 167 -5 53 138 139 
-143 109 206 135 -77 -183 118 -80 53 139 15 -76 6 -21 -109 57 
64 148 -170 -9 119 -189 -114 62 230 110 173 89 1 78 217 161 
-216 -114 -148 -45 198 76 -38 209 131 -147 -221 71 181 -219 92 -212 
-202 -236 130 -98 114 -96 110 -113 133 -50 4 183 246 109 -65 202 
178 167 -247 151 94 -209 -13 -157 225 -236 221 -99 82 91 -29 70 
