32
-1005 944 727 -362 -14 368 625 735 1004 -228 98 341 803 45 -972 -383 -1012 -781 -451 411 -76 596 -654 514 -887 -915 102 -17 -293 -729 849 -957 
-183 -98 -820 -545 1016 160 -472 -746 -579 861 695 389 -589 -609 761 -340 636 -824 -305 -877 -646 341 650 696 559 -591 -671 -845 -417 -144 995 -393 
757 -996 -111 -563 -493 863 602 241 -403 -401 -517 910 468 742 -517 -967 613 -591 224 613 -824 457 810 14 696 253 582 942 508 245 644 -868 
-215 32 117 948 -199 -338 -620 147 470 -520 916 -7 612 -283 -964 576 347 -69 -950 -594 37 -193 -593 206 691 -685 925 716 -143 587 601 982 
979 -348 -84 932 770 -916 -610 -1010 665 -537 347 -214 -884 -748 -80 950 -516 179 -956 1019 484 545 -122 835 265 125 -876 776 544 -511 -444 -962 
-117 -471 -536 334 -220 711 643 920 672 80 -439 410 -238 -381 -112 887 753 456 566 -714 -844 758 993 -233 849 854 -788 -136 48 173 -1009 76 
911 430 -169 -63 832 690 -348 -925 -610 -163 -729 -564 862 279 -826 922 -374 249 858 948 285 -441 -339 672 824 184 -720 -854 801 147 -338 -979 
-832 -1000 864 411 -494 354 -605 746 -267 -284 -930 257 -85 646 -283 -468 -214 -717 97 895 -499 401 245 481 -908 104 408 -585 630 -304 227 -602 
639 -232 971 740 -533 -747 -639 449 -289 570 -684 -955 51 -537 -898 508 -823 -160 -666 -193 -477 -608 -741 -108 714 -950 -752 -770 -716 939 -9 399 
-877 -916 243 351 -519 191 457 -786 -321 -922 319 -1019 -488 753 -825 622 -860 993 -636 -1001 -355 1010 -512 -1011 -304 167 708 -821 888 260 1000 763 
305 -648 -951 -885 262 -555 -918 439 362 146 204 -625 640 654 594 -375 -58 -557 564 -530 953 -16 -227 -127 331 239 -303 -765 -259 -37 228 146 
-690 -64 -701 -600 -691 334 50 -771 954 788 -663 -702 172 -444 -250 760 506 588 981 781 494 360 -281 617 890 328 -853 -618 -979 85 -318 -372 
-328 197 -318 48 665 418 593 -7 -635 190 -666 -237 139 -202 51 -626 614 -680 -926 -159 -1006 740 -720 -281 -598 -790 -72 726 998 627 657 -797 
-823 -973 -469 -745 -616 -384 -544 418 -534 642 -589 848 572 -924 -501 981 -886 222 608 -1020 -908 103 -914 470 -501 -844 453 627 64 507 901 -369 
-320 -734 1011 489 797 153 933 173 -534 -365 445 542 -746 -269 56 -123 -397 -641 936 24 958 131 -546 591 348 571 450 649 793 -843 939 -599 
-843 -676 -380 -523 -378 -969 -878 -157 337 1011 -788 525 130 650 106 -642 511 -788 93 -816 4 -582 -940 -376 -440 -482 173 -628 -747 -817 -652 235 
-825 -792 253 -285 -496 -227 893 9 -740 -252 -40 -212 -15 -370 -909 326 145 520 -246 639 -343 22 784 564 -169 740 -963 -238 652 -157 260 -613 
698 -493 130 764 -303 -378 -683 307 406 361 421 -810 48 114 -147 -332 -222 -239 625 -476 491 -642 788 -588 -333 131 -284 793 -951 -95 341 -217 
436 663 -932 -124 679 759 -770 -661 565 -1018 -380 1000 210 -815 565 -343 -957 -896 -367 -488 608 -845 -326 -594 -842 757 799 -376 917 -257 -81 885 
250 994 316 -461 -94 725 -473 -988 -795 -600 989 237 596 -654 252 345 -927 332 415 -833 939 -529 710 870 -227 -913 -796 164 -724 157 471 -339 
-430 -46 -993 -554 652 472 -517 -763 147 641 420 953 -771 -479 -96 -229 432 -543 -998 934 304 268 -952 583 -912 946 -502 696 637 -628 -150 496 
-948 -226 479 20 829 251 -115 -467 -336 4 689 258 -597 -487 -306 -1023 795 -156 799 -959 663 -588 -442 -209 572 -247 -50 400 -205 -937 734 -704 
-46 575 -342 -676 302 -339 -960 436 293 182 653 -716 -92 517 168 22 953 -822 -1024 -411 708 -996 -805 279 -754 599 832 561 618 720 953 -360 
159 -78 354 -744 -396 -156 794 166 204 -485 115 976 690 -235 -835 815 -611 -1002 1000 92 997 452 -79 548 -684 -216 -570 467 -390 -966 -883 -385 
576 -440 36 -176 -585 649 -734 826 551 -156 306 298 211 467 49 463 698 740 335 37 -502 -859 711 101 946 -994 -442 804 -544 37 -235 -893 
-5 -234 -726 -154 -839 412 341 -512 400 -852 275 754 -476 -991 -907 770 -360 570 544 -834 -1021 707 150 155 818 -599 606 642 165 472 -255 387 
785 873 768 31 -349 432 97 -141 999 29 -913 865 549 -675 -618 -672 362 54 491 -951 685 801 903 -1000 455 -973 -988 -573 -813 485 -55 887 
564 303 521 106 -899 -49 557 649 -494 44 767 -437 351 181 533 -432 -304 -1017 -408 184 417 -1020 248 426 7 -185 -196 -184 -819 743 -688 650 
-166 364 414 80 -23 190 156 901 -762 -389 -494 1012 -688 775 965 588 770 -708 816 103 -88 -1010 807 466 -730 -834 311 223 -154 -435 -528 174 
633 398 -731 -659 -608 156 -56 -400 -468 -110 -584 -938 629 936 92 -676 33 336 796 -715 -213 -298 -114 302 -36 -857 621 754 892 -297 951 599 
672 529 -937 172 973 43 -828 -1019 177 429 -751 -622 -755 -199 351 -860 323 -41 936 363 -728 365 -131 863 -952 -1000 600 -679 -951 -616 601 429 
-545 -619 381 149 -573 -86 -623 123 975 -949 702 764 325 -961 -279 362 443 407 80 995 -775 -537 -801 735 349 -424 501 -921 825 -329 -7 933 
