-254 -251 -250 -247 -242 -242 -240 -236 -236 -233 -232 -227 -225 -222 -221 -219 
-183 -184 -184 -185 -186 -189 -192 -197 -199 -200 -202 -205 -206 -209 -212 -216 
-181 -178 -173 -172 -170 -163 -163 -159 -157 -155 -152 -151 -148 -147 -147 -143 
-105 -107 -109 -109 -111 -113 -114 -114 -118 -123 -126 -130 -136 -138 -139 -141 
-102 -99 -98 -98 -96 -95 -92 -90 -83 -82 -80 -79 -77 -77 -77 -76 
-45 -47 -50 -55 -55 -58 -59 -59 -60 -60 -61 -63 -64 -65 -72 -74 
-40 -38 -36 -32 -29 -25 -21 -19 -17 -14 -13 -9 -9 -9 -6 -5 
37 36 30 29 19 16 15 11 9 6 4 3 2 2 1 1 
37 38 41 42 43 43 48 50 52 52 53 53 57 57 57 60 
82 78 76 72 72 71 71 71 70 69 68 64 63 63 62 61 
84 87 89 89 91 92 92 94 95 99 99 102 109 109 110 110 
133 131 130 130 128 126 125 119 118 118 117 114 112 112 111 110 
135 135 135 136 136 137 138 139 139 143 147 148 151 159 161 167 
197 191 190 189 186 185 183 181 180 179 178 178 177 173 168 167 
198 201 201 202 203 206 209 209 212 213 217 221 225 225 226 226 
250 250 249 246 245 243 243 240 239 237 236 235 235 232 230 229 
